12 26 37 139138 -0.086 -0.096 8.839 -0.001 -0.007 0.016 
12 26 37 147071 -0.105 -0.057 8.830 -0.007 0.005 0.023 
12 26 37 153185 -0.105 -0.057 8.830 0.001 0.003 0.015 
12 26 37 159360 -0.124 -0.086 8.820 0.002 -0.001 0.018 
12 26 37 165910 -0.124 -0.086 8.820 -0.003 0.002 0.012 
12 26 37 172414 -0.105 -0.067 8.839 0.004 -0.006 0.010 
12 26 37 179044 -0.105 -0.067 8.839 -0.002 -0.015 0.013 
12 26 37 186476 -0.086 -0.057 8.830 0.006 0.009 0.019 
12 26 37 192625 -0.115 -0.086 8.887 0.006 0.009 0.019 
12 26 37 198919 -0.115 -0.086 8.887 -0.003 0.004 0.006 
12 26 37 205807 -0.163 -0.096 8.849 -0.006 -0.010 0.008 
12 26 37 212232 -0.115 -0.067 8.868 -0.005 -0.015 0.013 
12 26 37 219057 -0.115 -0.067 8.868 -0.001 -0.009 0.015 
12 26 37 226545 -0.105 -0.067 8.849 0.005 -0.005 0.017 
12 26 37 232685 -0.077 -0.067 8.830 0.009 -0.003 0.017 
12 26 37 244651 -0.115 -0.057 8.849 0.005 -0.002 0.017 
12 26 37 251436 -0.115 -0.057 8.849 0.002 -0.010 0.013 
12 26 37 257978 -0.115 -0.057 8.849 -0.004 -0.005 0.012 
12 26 37 264588 -0.115 -0.057 8.849 -0.004 -0.004 0.012 
12 26 37 271896 -0.134 -0.067 8.839 0.001 0.002 0.018 
12 26 37 277937 -0.057 -0.086 8.820 0.001 0.002 0.018 
12 26 37 284512 -0.067 -0.048 8.830 0.005 0.001 0.021 
12 26 37 290472 -0.067 -0.048 8.830 0.005 -0.003 0.009 
12 26 37 296439 -0.105 -0.077 8.868 -0.003 -0.035 0.014 
12 26 37 302118 -0.077 -0.057 8.954 -0.014 -0.060 0.012 
12 26 37 307708 -0.115 -0.086 8.916 -0.011 -0.058 0.005 
12 26 37 313384 -0.115 -0.086 8.916 -0.013 -0.041 0.005 
12 26 37 321628 -0.057 -0.086 8.916 -0.016 -0.060 0.008 
12 26 37 327213 0.048 -0.077 8.619 -0.008 -0.014 0.024 
12 26 37 332792 0.048 -0.077 8.619 -0.001 0.067 0.020 
12 26 37 338438 0.019 -0.057 8.648 0.027 0.122 0.019 
12 26 37 344678 0.019 -0.057 8.648 0.058 0.144 0.034 
12 26 37 350307 -0.010 -0.067 8.705 0.067 0.146 0.039 
12 26 37 355880 -0.010 -0.067 8.705 0.073 0.151 0.046 
12 26 37 361562 0.105 -0.057 8.657 0.075 0.177 0.110 
12 26 37 367413 0.105 -0.057 8.657 0.087 0.097 0.526 
12 26 37 373154 1.178 0.383 8.868 0.025 0.059 1.024 
12 26 37 381079 -0.469 0.278 8.945 0.003 0.065 1.388 
12 26 37 386901 -0.469 0.278 8.945 -0.010 0.077 1.790 
12 26 37 392645 -1.714 0.192 9.060 -0.010 0.035 1.972 
12 26 37 398484 -1.714 0.192 9.060 -0.039 0.005 2.208 
12 26 37 404412 -1.743 0.488 9.031 -0.050 0.011 2.456 
12 26 37 410165 -1.743 0.488 9.031 -0.061 0.020 2.601 
12 26 37 416025 -1.417 0.690 8.705 -0.057 0.032 2.914 
12 26 37 422051 -1.417 0.690 8.705 -0.075 0.050 3.467 
12 26 37 428024 -1.053 0.201 8.811 -0.080 0.063 3.708 
12 26 37 434153 -0.632 -0.757 9.098 -0.080 0.063 3.708 
12 26 37 440233 -0.460 -1.609 8.495 -0.107 -0.025 4.027 
12 26 37 446110 -0.460 -1.609 8.495 -0.100 0.027 4.197 
12 26 37 452063 -0.316 -2.088 8.495 -0.113 0.034 4.283 
12 26 37 459758 -0.287 -1.772 8.447 -0.113 0.020 4.332 
12 26 37 465619 -0.287 -1.772 8.447 -0.136 0.031 4.596 
12 26 37 471962 -0.469 -1.006 8.332 -0.136 0.031 4.596 
12 26 37 478121 -0.469 -1.006 8.332 -0.134 -0.013 4.880 
12 26 37 485836 -0.709 -0.144 8.504 -0.137 0.014 5.048 
12 26 37 496637 -0.871 0.488 8.849 -0.143 -0.042 5.201 
12 26 37 502799 -0.441 0.795 8.849 -0.148 -0.058 5.243 
12 26 37 508939 -0.441 0.795 8.849 -0.145 -0.062 5.324 
12 26 37 515120 0.019 0.824 8.495 -0.150 -0.034 5.389 
12 26 37 521184 0.584 0.594 8.351 -0.148 -0.040 5.415 
12 26 37 527118 0.584 0.594 8.351 -0.146 -0.037 5.343 
12 26 37 533306 0.728 0.077 8.562 -0.146 -0.078 5.180 
12 26 37 540849 1.015 -0.469 8.380 -0.153 -0.088 4.942 
12 26 37 548296 1.015 -0.469 8.380 -0.137 -0.064 4.386 
12 26 37 555599 1.369 -1.255 8.677 -0.111 -0.116 3.976 
12 26 37 563239 1.398 -1.446 9.108 -0.126 -0.166 3.733 
12 26 37 569993 1.398 -1.446 9.108 -0.145 -0.141 3.490 
12 26 37 576481 1.733 -1.044 8.964 -0.114 -0.051 3.256 
12 26 37 583293 1.733 -1.044 8.964 -0.085 0.035 3.025 
12 26 37 589759 1.733 -1.044 8.964 -0.037 0.016 2.571 
12 26 37 595987 1.063 0.048 8.600 -0.037 0.016 2.571 
12 26 37 602194 1.063 0.048 8.600 -0.052 -0.010 2.180 
12 26 37 608675 1.063 0.048 8.600 -0.044 0.007 2.088 
12 26 37 614994 1.063 0.048 8.600 -0.031 0.016 1.762 
12 26 37 621757 0.412 0.795 8.600 -0.031 0.016 1.762 
12 26 37 627975 0.354 0.910 8.906 -0.016 0.023 1.641 
12 26 37 634401 0.354 0.910 8.906 -0.026 0.029 1.565 
12 26 37 640965 0.354 0.910 8.906 -0.029 0.055 1.556 
12 26 37 654244 0.354 0.910 8.906 -0.009 0.061 1.707 
12 26 37 662059 0.354 0.910 8.906 -0.011 0.038 1.875 
12 26 37 668529 0.354 0.910 8.906 -0.019 0.026 1.941 
12 26 37 674746 0.354 0.910 8.906 -0.051 0.024 1.931 
12 26 37 681048 0.354 0.910 8.906 -0.049 0.026 1.834 
12 26 37 687417 0.613 0.718 8.811 -0.049 0.026 1.834 
12 26 37 693696 0.450 0.172 8.782 -0.049 0.026 1.834 
12 26 37 700068 -0.699 -0.048 8.734 -0.049 0.026 1.834 
12 26 37 706364 -1.896 -0.124 8.983 -0.049 0.026 1.834 
12 26 37 712569 -1.896 -0.124 8.983 -0.047 0.025 1.677 
12 26 37 719021 -1.896 -0.124 8.983 -0.047 -0.031 1.280 
12 26 37 725146 -1.896 -0.124 8.983 -0.107 -0.303 0.695 
12 26 37 730883 -1.896 -0.124 8.983 -0.016 0.213 0.081 
12 26 37 736546 -1.839 0.192 7.987 0.076 0.263 -0.004 
12 26 37 742162 -1.369 0.077 8.724 0.061 0.096 0.004 
12 26 37 747768 -1.369 0.077 8.724 0.034 -0.067 0.011 
12 26 37 753388 -0.939 0.010 9.098 -0.021 -0.164 0.005 
12 26 37 759949 -0.939 0.010 9.098 -0.072 -0.159 0.005 
12 26 37 765550 -0.575 -0.038 8.801 -0.050 -0.040 0.007 
12 26 37 773086 -0.201 -0.086 8.590 -0.011 0.087 0.012 
12 26 37 780503 -0.201 -0.086 8.590 0.062 0.129 0.013 
12 26 37 786332 -0.182 -0.029 8.993 0.064 0.098 0.014 
12 26 37 792866 -0.182 -0.029 8.993 0.025 0.020 0.013 
12 26 37 798858 -0.134 -0.029 9.088 0.008 -0.078 0.014 
12 26 37 804854 -0.134 -0.029 9.088 -0.026 -0.122 0.009 
12 26 37 813034 -0.067 -0.057 8.811 -0.038 -0.044 0.016 
12 26 37 819124 -0.010 -0.086 8.677 -0.019 0.029 0.021 
12 26 37 826363 -0.048 -0.048 8.830 0.042 0.094 0.004 
12 26 37 832172 -0.048 -0.048 8.830 0.044 0.059 0.009 
12 26 37 837984 -0.096 -0.010 8.973 0.026 0.023 0.010 
12 26 37 843897 -0.067 -0.010 8.878 0.013 -0.021 0.017 
12 26 37 849691 -0.067 -0.010 8.878 -0.014 -0.075 0.013 
12 26 37 855898 -0.019 -0.038 8.696 -0.022 -0.052 0.015 
12 26 37 861710 -0.019 -0.038 8.696 -0.013 0.007 0.013 
12 26 37 867566 -0.048 -0.057 8.772 -0.005 0.042 0.009 
12 26 37 873991 -0.048 -0.057 8.772 0.022 0.058 0.014 
12 26 37 879910 -0.077 -0.057 8.811 0.022 0.043 0.023 
12 26 37 886346 -0.086 -0.029 8.897 0.011 -0.004 0.013 
12 26 37 892276 -0.086 -0.029 8.897 -0.008 -0.051 0.016 
12 26 37 898192 -0.067 -0.038 8.811 -0.015 -0.053 0.017 
12 26 37 904879 -0.038 -0.019 8.792 -0.020 -0.029 0.020 
12 26 37 910764 -0.038 -0.019 8.792 -0.004 0.022 0.022 
12 26 37 917117 -0.048 -0.038 8.906 -0.004 0.022 0.022 
12 26 37 923508 -0.048 -0.038 8.906 0.018 0.024 0.020 
12 26 37 929816 -0.067 -0.019 8.964 0.014 0.002 0.019 
12 26 37 935928 -0.086 -0.029 8.906 0.000 -0.008 0.015 
12 26 37 941992 -0.086 -0.029 8.906 -0.020 -0.039 0.018 
12 26 37 948330 -0.048 -0.029 8.820 -0.017 -0.019 0.018 
12 26 37 955734 -0.057 -0.019 8.820 -0.013 0.005 0.019 
12 26 37 961799 -0.057 -0.019 8.820 0.006 0.012 0.017 
12 26 37 967793 -0.077 -0.057 8.935 0.015 0.014 0.023 
12 26 37 974514 -0.086 -0.067 8.916 0.009 -0.002 0.013 
12 26 37 980085 -0.086 -0.067 8.916 -0.021 -0.024 0.018 
12 26 37 985647 -0.048 -0.048 8.868 -0.021 -0.024 0.018 
12 26 37 991220 -0.048 -0.048 8.868 -0.011 -0.019 0.024 
12 26 37 996808 -0.038 -0.057 8.782 -0.012 -0.012 0.012 
12 26 38 2381 -0.038 -0.057 8.782 -0.007 0.008 0.014 
12 26 38 7967 -0.048 -0.057 8.859 0.003 0.018 0.021 
12 26 38 14860 -0.038 -0.019 8.897 0.001 0.013 0.024 
12 26 38 20982 -0.038 -0.019 8.897 0.001 -0.007 0.018 
12 26 38 27076 -0.067 -0.019 8.849 0.001 -0.007 0.018 
12 26 38 33789 -0.067 -0.019 8.849 -0.009 -0.014 0.008 
12 26 38 40377 -0.086 0.019 8.820 -0.013 0.008 0.015 
12 26 38 47819 -0.038 0.010 8.772 0.000 0.005 0.015 
12 26 38 53603 -0.038 0.010 8.772 0.001 0.006 0.009 
12 26 38 59437 -0.057 0.019 8.801 0.005 0.010 0.018 
12 26 38 65231 -0.057 0.019 8.801 0.003 -0.002 0.013 
12 26 38 71486 -0.086 -0.038 8.820 -0.006 -0.010 0.010 
12 26 38 78177 -0.086 -0.038 8.820 -0.009 -0.006 0.007 
12 26 38 84320 -0.086 -0.057 8.830 -0.013 -0.003 0.020 
12 26 38 92514 -0.057 -0.048 8.782 -0.002 0.003 0.021 
12 26 38 98521 -0.038 -0.048 8.820 -0.001 -0.004 0.014 
12 26 38 105653 -0.038 -0.048 8.820 -0.001 0.005 0.019 
12 26 38 111944 -0.019 -0.010 8.830 0.001 0.001 0.011 
12 26 38 119560 -0.019 -0.010 8.830 0.001 -0.001 0.023 
12 26 38 125800 -0.057 -0.038 8.906 0.001 -0.001 0.023 
12 26 38 132750 -0.057 -0.038 8.906 0.004 0.002 0.017 
12 26 38 139264 -0.048 -0.029 8.859 0.004 0.002 0.017 
12 26 38 146662 -0.067 0.010 8.782 0.004 0.002 0.017 
12 26 38 153073 -0.067 0.010 8.782 -0.002 0.001 0.009 
12 26 38 159477 -0.067 0.010 8.782 0.001 0.001 0.016 
12 26 38 165906 -0.067 0.010 8.782 -0.000 -0.002 0.016 
12 26 38 173888 -0.067 0.010 8.782 -0.004 -0.010 0.012 
12 26 38 180711 -0.067 0.010 8.782 -0.002 -0.004 0.011 
12 26 38 187620 -0.077 -0.010 8.859 -0.002 -0.004 0.011 
12 26 38 194707 -0.086 -0.048 8.878 -0.002 -0.004 0.011 
12 26 38 200919 -0.057 -0.010 8.859 -0.002 -0.004 0.011 
12 26 38 207224 -0.057 -0.010 8.859 -0.000 -0.004 0.009 
12 26 38 213554 -0.057 -0.010 8.859 0.002 -0.009 0.014 
12 26 38 219587 -0.057 -0.010 8.859 0.004 -0.008 0.010 
12 26 38 225141 -0.038 -0.038 8.868 0.007 0.005 0.014 
12 26 38 230680 -0.077 -0.019 8.878 -0.005 -0.004 0.010 
12 26 38 236935 -0.077 -0.019 8.878 -0.003 0.001 0.017 
12 26 38 242492 -0.077 -0.029 8.839 0.003 0.001 0.013 
12 26 38 248029 -0.077 -0.038 8.820 0.002 -0.004 0.019 
12 26 38 254748 -0.077 -0.038 8.820 -0.003 -0.006 0.013 
12 26 38 260296 -0.077 -0.019 8.839 -0.004 -0.002 0.006 
12 26 38 265825 -0.077 -0.019 8.839 -0.002 0.005 0.016 
12 26 38 271769 -0.048 -0.048 8.878 0.001 -0.007 0.014 
12 26 38 278838 -0.048 -0.048 8.878 -0.004 -0.008 0.010 
12 26 38 285871 -0.019 -0.038 8.868 -0.001 -0.001 0.014 
12 26 38 292303 -0.019 -0.038 8.868 0.001 -0.001 0.019 
12 26 38 299519 -0.019 -0.038 8.868 -0.009 -0.010 0.012 
12 26 38 305772 -0.019 -0.038 8.868 0.002 -0.005 0.014 
12 26 38 313521 -0.057 -0.057 8.945 0.002 -0.005 0.014 
12 26 38 319798 -0.038 -0.029 8.897 0.002 -0.005 0.014 
12 26 38 325951 -0.077 -0.019 8.859 0.002 -0.005 0.014 
12 26 38 332968 -0.077 -0.019 8.859 -0.003 -0.000 0.014 
12 26 38 339336 -0.077 -0.019 8.859 -0.005 0.005 0.014 
12 26 38 347030 -0.077 -0.019 8.859 -0.001 -0.007 0.011 
12 26 38 353593 -0.077 -0.019 8.859 0.002 0.005 0.024 
12 26 38 359640 -0.077 -0.019 8.859 -0.002 0.003 0.017 
12 26 38 365927 -0.077 -0.019 8.859 -0.004 -0.005 0.015 
12 26 38 372086 -0.086 -0.029 8.830 0.002 0.007 0.015 
12 26 38 377814 -0.057 0.010 8.820 0.002 0.007 0.015 
12 26 38 383761 -0.057 0.010 8.820 0.004 -0.001 0.017 
12 26 38 389668 -0.038 -0.038 8.830 0.002 -0.007 0.019 
12 26 38 395315 -0.038 -0.038 8.830 -0.002 -0.007 0.014 
12 26 38 401019 -0.038 -0.038 8.801 0.000 -0.004 0.015 
12 26 38 406637 -0.038 -0.038 8.801 -0.004 -0.001 0.012 
12 26 38 412296 -0.029 -0.029 8.792 -0.001 -0.002 0.018 
12 26 38 418012 -0.029 -0.029 8.792 -0.003 -0.002 0.018 
12 26 38 424758 -0.019 -0.029 8.811 -0.000 -0.008 0.014 
12 26 38 430657 -0.019 -0.029 8.811 0.009 -0.007 0.009 
12 26 38 436435 -0.048 0.019 8.830 -0.002 -0.005 0.012 
12 26 38 442124 -0.077 -0.010 8.820 -0.005 -0.003 0.013 
12 26 38 447786 -0.077 -0.010 8.820 -0.009 -0.003 0.015 
12 26 38 453459 -0.086 -0.038 8.878 -0.004 -0.005 0.014 
12 26 38 459188 -0.086 -0.038 8.878 0.002 -0.001 0.010 
12 26 38 464972 -0.086 -0.067 8.830 -0.007 -0.006 0.014 
12 26 38 470644 -0.086 -0.067 8.830 -0.006 -0.008 0.024 
12 26 38 476426 -0.067 -0.057 8.839 -0.001 -0.000 0.018 
12 26 38 482188 -0.067 -0.057 8.839 0.003 0.001 0.015 
12 26 38 487961 -0.048 -0.057 8.859 -0.001 -0.000 0.011 
12 26 38 494156 -0.029 -0.038 8.859 -0.001 -0.009 0.010 
12 26 38 501245 -0.029 -0.038 8.859 -0.003 0.002 0.016 
12 26 38 507066 -0.048 -0.010 8.859 -0.001 -0.003 0.015 
12 26 38 512888 -0.057 -0.010 8.868 0.003 0.003 0.017 
12 26 38 518659 -0.057 -0.010 8.868 0.005 -0.002 0.014 
12 26 38 524613 -0.057 -0.010 8.868 0.005 -0.007 0.010 
12 26 38 530372 -0.057 -0.010 8.868 -0.006 0.001 0.012 
12 26 38 536133 -0.038 -0.010 8.878 -0.001 -0.005 0.009 
12 26 38 542124 -0.038 -0.010 8.878 0.003 -0.002 0.009 
12 26 38 548214 -0.077 -0.029 8.859 -0.004 -0.006 0.013 
12 26 38 554119 -0.077 -0.029 8.859 0.001 -0.002 0.016 
12 26 38 563444 -0.096 -0.048 8.839 0.000 -0.002 0.016 
12 26 38 570643 -0.086 -0.038 8.859 -0.011 -0.000 0.011 
12 26 38 576273 -0.067 -0.048 8.849 -0.001 0.003 0.021 
12 26 38 581857 -0.057 -0.029 8.820 -0.002 0.002 0.014 
12 26 38 587434 -0.057 -0.029 8.820 -0.001 -0.003 0.013 
12 26 38 593017 -0.067 -0.010 8.839 -0.005 0.003 0.016 
12 26 38 598653 -0.067 -0.010 8.839 0.006 0.005 0.012 
12 26 38 604825 -0.096 -0.029 8.859 0.005 -0.002 0.014 
12 26 38 611930 -0.057 -0.048 8.811 -0.001 0.002 0.014 
12 26 38 617537 -0.057 -0.048 8.811 0.001 0.006 0.022 
12 26 38 623186 -0.096 -0.057 8.868 -0.002 -0.010 0.011 
12 26 38 630165 -0.096 -0.057 8.868 0.003 -0.005 0.018 
12 26 38 635983 -0.086 -0.038 8.887 0.000 -0.006 0.016 
12 26 38 641856 -0.086 -0.038 8.887 -0.005 -0.002 0.011 
12 26 38 647632 -0.077 -0.038 8.868 0.001 0.002 0.017 
12 26 38 653407 -0.086 -0.048 8.839 -0.001 -0.001 0.016 
12 26 38 659974 -0.086 -0.048 8.839 -0.007 -0.002 0.015 
12 26 38 665765 -0.057 -0.029 8.839 -0.002 -0.000 0.020 
12 26 38 671808 -0.057 -0.029 8.839 0.006 0.002 0.016 
12 26 38 678544 -0.067 -0.038 8.849 -0.001 -0.002 0.016 
12 26 38 686208 -0.057 -0.029 8.878 -0.003 0.001 0.013 
12 26 38 693265 -0.057 -0.029 8.878 0.001 -0.001 0.009 
12 26 38 703455 -0.057 -0.029 8.878 -0.002 -0.003 0.015 
12 26 38 709677 -0.057 -0.029 8.878 -0.002 -0.004 0.012 
12 26 38 715852 -0.057 -0.038 8.830 -0.002 -0.004 0.012 
12 26 38 722155 -0.077 -0.029 8.859 -0.002 -0.004 0.012 
12 26 38 728825 -0.077 -0.029 8.859 0.005 0.007 0.013 
12 26 38 736139 -0.077 -0.029 8.859 -0.001 0.005 0.014 
12 26 38 742733 -0.077 -0.029 8.859 0.000 -0.008 0.015 
12 26 38 749209 -0.077 -0.029 8.859 -0.002 -0.002 0.016 
12 26 38 755834 -0.077 -0.029 8.859 0.002 -0.007 0.016 
12 26 38 762452 -0.077 -0.029 8.859 -0.003 0.003 0.015 
12 26 38 770256 -0.077 -0.029 8.859 -0.001 0.002 0.021 
12 26 38 776224 -0.077 -0.029 8.859 -0.003 -0.002 0.007 
12 26 38 783098 -0.067 -0.038 8.859 -0.003 -0.002 0.007 
12 26 38 790117 -0.057 -0.057 8.849 -0.003 -0.002 0.007 
12 26 38 797106 -0.038 -0.057 8.830 -0.009 -0.008 0.013 
12 26 38 803491 -0.038 -0.057 8.830 0.001 -0.003 0.019 
12 26 38 809244 -0.038 -0.048 8.820 -0.001 -0.004 0.012 
12 26 38 814915 -0.057 -0.038 8.868 -0.012 0.006 0.019 
12 26 38 820609 -0.057 -0.038 8.868 -0.001 0.000 0.008 
12 26 38 826119 -0.048 -0.010 8.839 -0.006 0.004 0.016 
12 26 38 831734 -0.048 -0.010 8.839 -0.001 -0.002 0.015 
12 26 38 837345 -0.029 -0.010 8.820 0.001 -0.006 0.011 
12 26 38 842876 -0.029 -0.010 8.820 -0.012 -0.008 0.018 
12 26 38 848470 -0.057 0.010 8.830 -0.008 -0.008 0.024 
12 26 38 854281 -0.077 -0.010 8.830 -0.005 -0.003 0.016 
12 26 38 859793 -0.077 -0.010 8.830 0.002 -0.001 0.011 
12 26 38 866311 -0.057 0.010 8.859 0.002 -0.002 0.020 
12 26 38 871953 -0.057 0.010 8.859 0.000 -0.002 0.012 
12 26 38 877444 -0.067 -0.019 8.839 0.004 -0.008 0.013 
12 26 38 883043 -0.067 -0.019 8.839 -0.002 0.002 0.018 
12 26 38 888848 -0.048 -0.048 8.839 -0.002 0.002 0.023 
12 26 38 894402 -0.048 -0.048 8.839 0.002 -0.001 0.025 
12 26 38 899984 -0.038 -0.048 8.849 -0.004 -0.003 0.016 
12 26 38 905668 -0.038 -0.010 8.868 -0.004 -0.003 0.016 
12 26 38 911170 -0.038 -0.010 8.868 0.003 -0.001 0.005 
12 26 38 916827 -0.038 -0.038 8.887 0.002 -0.010 0.011 
12 26 38 922763 -0.038 -0.038 8.887 -0.005 0.001 0.022 
12 26 38 928635 -0.057 -0.029 8.926 -0.004 0.003 0.016 
12 26 38 935312 -0.057 -0.029 8.926 -0.004 -0.003 0.016 
12 26 38 941210 -0.067 -0.048 8.868 0.002 -0.007 0.013 
12 26 38 947128 -0.067 -0.048 8.868 -0.002 0.008 0.017 
12 26 38 953009 -0.086 -0.019 8.820 0.001 -0.008 0.020 
12 26 38 960457 -0.067 -0.048 8.839 0.002 -0.007 0.012 
12 26 38 966468 -0.067 -0.048 8.839 0.002 -0.007 0.012 
12 26 38 972796 -0.057 -0.029 8.839 0.004 0.005 0.017 
12 26 38 978972 -0.057 -0.029 8.839 0.002 -0.002 0.006 
12 26 38 985346 -0.029 -0.029 8.820 0.005 0.002 0.011 
12 26 38 991698 -0.038 -0.019 8.830 0.003 0.000 0.013 
12 26 38 997772 -0.038 -0.019 8.830 0.003 -0.003 0.014 
12 26 39 7108 -0.077 -0.010 8.839 -0.008 0.004 0.017 
12 26 39 13382 -0.077 -0.010 8.839 0.001 0.007 0.013 
12 26 39 19518 -0.086 -0.048 8.849 0.002 -0.003 0.019 
12 26 39 25127 -0.067 -0.067 8.839 0.005 0.003 0.013 
12 26 39 30762 -0.057 -0.057 8.830 -0.002 -0.001 0.015 
12 26 39 37711 -0.086 -0.057 8.887 -0.002 -0.002 0.016 
12 26 39 44889 -0.086 -0.057 8.887 -0.005 -0.000 0.016 
12 26 39 51061 -0.057 -0.048 8.868 -0.000 0.008 0.014 
12 26 39 56820 -0.057 -0.048 8.868 -0.000 -0.004 0.016 
12 26 39 62533 -0.077 -0.048 8.849 -0.003 0.002 0.015 
12 26 39 68436 -0.086 -0.038 8.916 -0.001 -0.004 0.017 
12 26 39 74581 -0.086 -0.038 8.916 -0.001 -0.009 0.014 
12 26 39 80674 -0.067 -0.038 8.868 -0.002 -0.001 0.017 
12 26 39 86429 -0.067 -0.038 8.868 -0.004 0.001 0.021 
12 26 39 92088 -0.086 -0.038 8.859 0.001 0.005 0.020 
12 26 39 97812 -0.086 -0.038 8.859 -0.000 -0.005 0.013 
12 26 39 103597 -0.086 -0.029 8.811 0.002 0.002 0.021 
12 26 39 109651 -0.057 -0.010 8.811 -0.001 0.005 0.020 
12 26 39 115594 -0.057 -0.010 8.811 0.002 0.002 0.016 
12 26 39 121831 -0.077 -0.048 8.811 0.002 0.002 0.016 
12 26 39 127787 -0.077 -0.048 8.811 -0.000 0.000 0.014 
12 26 39 133983 -0.057 -0.048 8.830 -0.002 -0.004 0.014 
12 26 39 140113 -0.057 -0.048 8.830 -0.002 -0.000 0.028 
12 26 39 146499 -0.067 -0.057 8.878 0.003 0.003 0.019 
12 26 39 155859 -0.057 -0.048 8.849 -0.009 0.008 0.018 
12 26 39 161944 -0.057 -0.048 8.849 -0.002 0.003 0.016 
12 26 39 167917 -0.038 -0.038 8.859 -0.004 -0.004 0.014 
12 26 39 175648 -0.048 -0.048 8.887 0.001 -0.006 0.012 
12 26 39 182026 -0.048 -0.048 8.887 0.005 0.000 0.017 
12 26 39 190651 -0.067 -0.038 8.897 0.003 -0.002 0.017 
12 26 39 197019 -0.086 -0.048 8.878 -0.005 -0.004 0.009 
12 26 39 203489 -0.086 -0.048 8.878 -0.010 0.002 0.017 
12 26 39 209662 -0.038 -0.048 8.859 -0.010 0.002 0.015 
12 26 39 215851 -0.038 -0.057 8.878 0.003 -0.012 0.016 
12 26 39 222096 -0.038 -0.057 8.878 -0.001 -0.001 0.010 
12 26 39 228109 -0.067 -0.038 8.839 -0.001 -0.001 0.020 
12 26 39 234816 -0.067 -0.038 8.839 0.009 0.002 0.017 
12 26 39 240836 -0.096 -0.048 8.849 -0.006 -0.003 0.010 
12 26 39 247503 -0.096 -0.010 8.878 0.005 -0.001 0.015 
12 26 39 254871 -0.096 -0.019 8.878 -0.004 -0.010 0.009 
12 26 39 261704 -0.096 -0.019 8.878 0.003 -0.006 0.016 
12 26 39 267820 -0.077 -0.057 8.926 0.008 0.001 0.018 
12 26 39 277372 -0.096 -0.048 8.868 0.002 0.000 0.018 
12 26 39 283672 -0.096 -0.048 8.868 -0.002 0.004 0.017 
12 26 39 289887 -0.096 -0.048 8.868 -0.007 -0.005 0.013 
12 26 39 295970 -0.086 -0.077 8.868 -0.002 -0.006 0.015 
12 26 39 303214 -0.096 -0.077 8.859 -0.002 -0.006 0.015 
12 26 39 309325 -0.096 -0.077 8.859 -0.005 0.003 0.009 
12 26 39 317308 -0.105 -0.038 8.859 -0.005 -0.003 0.014 
12 26 39 323520 -0.086 -0.019 8.878 0.000 -0.007 0.018 
12 26 39 333097 -0.086 -0.019 8.878 0.003 -0.001 0.016 
12 26 39 341355 -0.086 -0.029 8.906 0.003 -0.001 0.016 
12 26 39 348011 -0.086 -0.029 8.906 0.002 -0.000 0.017 
12 26 39 355217 -0.086 -0.029 8.906 -0.004 0.001 0.015 
12 26 39 361890 -0.086 -0.019 8.859 -0.006 -0.003 0.010 
12 26 39 368298 -0.057 -0.048 8.897 -0.006 -0.003 0.010 
12 26 39 375255 -0.057 -0.048 8.897 -0.004 -0.004 0.011 
12 26 39 381568 -0.057 -0.048 8.897 0.005 -0.007 0.015 
12 26 39 387845 -0.057 -0.048 8.897 0.003 0.006 0.017 
12 26 39 393988 -0.057 -0.048 8.897 -0.007 0.002 0.023 
12 26 39 400239 -0.096 -0.038 8.897 -0.007 0.002 0.023 
12 26 39 408837 -0.086 -0.057 8.887 -0.007 0.002 0.023 
12 26 39 415035 -0.057 -0.038 8.887 -0.007 0.002 0.023 
12 26 39 421555 -0.096 -0.067 8.820 -0.007 0.002 0.023 
12 26 39 427788 -0.096 -0.067 8.820 -0.011 0.002 0.018 
12 26 39 435449 -0.096 -0.067 8.820 -0.003 0.002 0.015 
12 26 39 441651 -0.096 -0.067 8.820 -0.002 -0.006 0.011 
12 26 39 448408 -0.096 -0.067 8.820 -0.002 0.006 0.009 
12 26 39 454763 -0.096 -0.067 8.820 -0.006 -0.004 0.020 
12 26 39 461319 -0.096 -0.067 8.820 0.005 -0.003 0.017 
12 26 39 468555 -0.096 -0.067 8.820 -0.005 0.002 0.015 
12 26 39 475086 -0.096 -0.067 8.820 -0.002 0.002 0.008 
12 26 39 481611 -0.096 -0.067 8.820 -0.002 -0.002 0.017 
12 26 39 488668 -0.096 -0.067 8.820 -0.006 -0.008 0.013 
12 26 39 495049 -0.096 -0.067 8.820 -0.001 0.003 0.018 
12 26 39 501430 -0.086 -0.029 8.839 -0.003 -0.005 0.013 
12 26 39 507781 -0.086 -0.019 8.878 -0.003 -0.005 0.013 
12 26 39 514196 -0.038 -0.057 8.849 -0.003 -0.005 0.013 
12 26 39 520657 -0.067 -0.029 8.897 -0.003 -0.005 0.013 
12 26 39 526883 -0.077 -0.029 8.859 -0.003 -0.005 0.013 
12 26 39 532677 -0.115 -0.048 8.897 0.001 -0.001 0.011 
12 26 39 539584 -0.115 -0.048 8.897 -0.001 -0.006 0.010 
12 26 39 545191 -0.115 -0.048 8.897 0.003 0.002 0.013 
12 26 39 550801 -0.067 -0.057 8.954 -0.010 -0.003 0.014 
12 26 39 557010 -0.067 -0.029 8.906 0.001 -0.001 0.019 
12 26 39 562581 -0.067 -0.029 8.906 0.001 0.003 0.017 
12 26 39 568156 -0.038 -0.029 8.916 -0.002 0.008 0.012 
12 26 39 574941 -0.038 -0.029 8.916 -0.003 -0.003 0.018 
12 26 39 580729 -0.067 -0.038 8.820 -0.003 0.002 0.015 
12 26 39 586957 -0.067 -0.038 8.820 -0.009 0.008 0.020 
12 26 39 592705 -0.077 -0.029 8.878 -0.005 0.010 0.018 
12 26 39 598525 -0.105 -0.010 8.868 -0.005 -0.003 0.014 
12 26 39 604647 -0.105 -0.010 8.868 0.006 -0.001 0.015 
12 26 39 610293 -0.067 0.019 8.839 -0.004 -0.007 0.010 
12 26 39 615921 -0.067 0.019 8.839 -0.000 -0.001 0.012 
12 26 39 621630 -0.067 0.010 8.839 0.007 -0.007 0.011 
12 26 39 628519 -0.048 -0.019 8.878 -0.000 0.001 0.014 
12 26 39 635709 -0.048 -0.019 8.878 0.001 -0.003 0.009 
12 26 39 641949 -0.067 -0.029 8.878 0.004 0.004 0.010 
12 26 39 648071 -0.067 -0.029 8.878 -0.005 -0.002 0.017 
12 26 39 654240 -0.029 -0.019 8.839 -0.009 -0.004 0.017 
12 26 39 660735 -0.048 -0.048 8.897 -0.007 -0.005 0.020 
12 26 39 666944 -0.048 -0.048 8.897 -0.009 -0.001 0.016 
12 26 39 672946 -0.057 -0.029 8.897 -0.002 -0.003 0.009 
12 26 39 679185 -0.048 -0.029 8.859 0.003 -0.009 0.023 
12 26 39 686036 -0.048 -0.029 8.859 -0.002 -0.005 0.013 
12 26 39 694545 -0.067 -0.029 8.897 -0.004 -0.006 0.016 
12 26 39 700659 -0.096 -0.019 8.954 -0.003 -0.002 0.020 
12 26 39 711811 -0.086 -0.029 8.926 -0.002 -0.007 0.013 
12 26 39 718041 -0.086 -0.029 8.926 -0.004 0.008 0.019 
12 26 39 724401 -0.048 -0.019 8.897 -0.004 0.008 0.019 
12 26 39 730713 -0.048 -0.019 8.897 0.002 -0.000 0.018 
12 26 39 738069 -0.048 -0.038 8.868 -0.002 0.008 0.017 
12 26 39 744628 -0.077 -0.057 8.859 -0.003 0.004 0.020 
12 26 39 752962 -0.067 -0.048 8.897 -0.003 0.005 0.015 
12 26 39 760189 -0.038 -0.029 8.878 -0.003 -0.001 0.014 
12 26 39 769473 -0.038 -0.029 8.878 0.002 0.004 0.019 
12 26 39 782100 -0.048 -0.048 8.878 -0.008 -0.001 0.015 
12 26 39 788574 -0.048 -0.048 8.878 -0.002 -0.007 0.011 
12 26 39 797336 -0.048 -0.048 8.878 0.003 -0.001 0.017 
12 26 39 805018 -0.048 -0.048 8.878 -0.005 0.000 0.019 
12 26 39 811354 -0.048 -0.048 8.878 -0.001 -0.009 0.011 
12 26 39 817853 -0.048 -0.048 8.878 0.009 0.005 0.022 
12 26 39 824666 -0.048 -0.048 8.878 0.009 0.001 0.021 
12 26 39 831063 -0.048 -0.048 8.878 0.009 -0.005 0.014 
12 26 39 838118 -0.048 -0.048 8.878 -0.004 -0.003 0.020 
12 26 39 846626 -0.048 -0.048 8.878 -0.002 0.002 0.012 
12 26 39 853213 -0.048 -0.048 8.878 -0.013 -0.005 0.012 
12 26 39 859925 -0.048 -0.048 8.878 -0.002 -0.002 0.011 
12 26 39 866493 -0.048 -0.048 8.878 0.002 -0.001 0.015 
12 26 39 873068 -0.048 -0.048 8.878 0.002 0.003 0.018 
12 26 39 881581 -0.048 -0.048 8.878 -0.005 -0.007 0.015 
12 26 39 888516 -0.048 -0.048 8.878 -0.002 -0.001 0.017 
12 26 39 894926 -0.048 -0.048 8.878 -0.002 -0.001 0.024 
12 26 39 902620 -0.048 -0.048 8.878 -0.000 0.002 0.025 
12 26 39 909343 -0.048 -0.048 8.878 0.005 0.000 0.022 
12 26 39 916203 -0.048 -0.048 8.878 0.003 0.003 0.017 
12 26 39 922824 -0.048 -0.048 8.878 -0.002 0.005 0.013 
12 26 39 929631 -0.048 -0.048 8.878 0.003 -0.003 0.012 
12 26 39 936660 -0.048 -0.048 8.878 -0.002 0.001 0.024 
12 26 39 943143 -0.048 -0.048 8.878 0.003 -0.005 0.011 
12 26 39 949829 -0.048 -0.048 8.878 -0.003 -0.004 0.017 
12 26 39 957485 -0.048 -0.048 8.878 -0.003 -0.008 0.017 
12 26 39 964285 -0.048 -0.048 8.878 0.001 -0.000 0.020 
12 26 39 970461 -0.048 -0.048 8.878 -0.006 0.006 0.020 
12 26 39 977344 -0.048 -0.048 8.878 0.004 0.003 0.020 
12 26 39 985318 -0.048 -0.048 8.878 -0.002 -0.001 0.015 
12 26 39 996716 -0.048 -0.029 8.868 0.004 -0.002 0.017 
12 26 40 2980 -0.086 -0.057 8.878 0.004 -0.002 0.017 
12 26 40 9253 -0.067 -0.038 8.830 0.004 -0.002 0.017 
12 26 40 15482 -0.077 -0.038 8.878 0.004 -0.002 0.017 
12 26 40 21735 -0.105 -0.019 8.859 0.004 -0.002 0.017 
12 26 40 27991 -0.124 0.010 8.849 0.004 -0.002 0.017 
12 26 40 34464 -0.124 -0.038 8.839 0.004 -0.002 0.017 
12 26 40 40926 -0.067 -0.038 8.820 0.004 -0.002 0.017 
12 26 40 47125 -0.067 -0.038 8.887 0.004 -0.002 0.017 
12 26 40 54303 -0.077 -0.067 8.897 0.004 -0.002 0.017 
12 26 40 60584 -0.067 -0.029 8.945 0.004 -0.002 0.017 
12 26 40 66903 -0.077 -0.048 8.868 0.004 -0.002 0.017 
12 26 40 73360 -0.077 -0.057 8.859 0.004 -0.002 0.017 
12 26 40 79795 -0.077 -0.010 8.868 0.004 -0.002 0.017 
12 26 40 85623 -0.077 -0.067 8.792 0.004 -0.002 0.017 
12 26 40 91406 -0.048 -0.057 8.868 0.004 -0.002 0.017 
12 26 40 97196 -0.086 -0.048 8.868 0.002 0.000 0.012 
12 26 40 102998 -0.086 -0.048 8.868 -0.005 -0.015 0.009 
12 26 40 108684 -0.086 -0.048 8.868 -0.003 0.005 0.016 
12 26 40 114408 -0.086 -0.048 8.868 0.004 -0.005 0.022 
12 26 40 120042 -0.086 -0.048 8.868 0.002 -0.002 0.017 
12 26 40 125718 -0.086 -0.048 8.868 -0.007 0.005 0.022 
12 26 40 131335 -0.086 -0.048 8.868 0.003 0.004 0.015 
12 26 40 136978 -0.086 -0.048 8.868 0.002 -0.006 0.016 
12 26 40 142509 -0.057 -0.029 8.830 -0.002 0.003 0.017 
12 26 40 148030 -0.077 -0.038 8.830 -0.003 0.003 0.018 
12 26 40 153586 -0.077 -0.038 8.830 -0.003 0.001 0.013 
12 26 40 159470 -0.086 -0.029 8.820 -0.003 -0.005 0.016 
12 26 40 165998 -0.086 -0.048 8.849 0.001 -0.010 0.016 
12 26 40 171525 -0.086 -0.048 8.849 0.002 -0.001 0.014 
12 26 40 177023 -0.067 -0.019 8.839 0.001 0.000 0.009 
12 26 40 182527 -0.067 -0.019 8.839 0.005 -0.001 0.013 
12 26 40 188031 -0.086 -0.010 8.906 0.006 0.000 0.022 
12 26 40 193577 -0.086 -0.010 8.906 0.002 0.001 0.016 
12 26 40 199123 -0.096 -0.057 8.868 -0.003 -0.002 0.015 
12 26 40 204668 -0.096 -0.057 8.868 -0.003 -0.001 0.018 
12 26 40 210193 -0.077 -0.048 8.849 -0.001 -0.009 0.008 
12 26 40 215698 -0.077 -0.048 8.849 -0.005 -0.008 0.013 
12 26 40 221296 -0.067 -0.057 8.859 -0.002 0.002 0.018 
12 26 40 227198 -0.067 -0.057 8.859 0.004 0.010 0.022 
12 26 40 232991 -0.067 -0.057 8.897 0.006 0.003 0.016 
12 26 40 240549 -0.105 -0.048 8.906 -0.003 0.007 0.018 
12 26 40 247782 -0.105 -0.057 8.897 -0.002 -0.000 0.014 
12 26 40 253559 -0.105 -0.057 8.897 0.003 0.005 0.018 
12 26 40 259366 -0.067 -0.086 8.887 -0.002 0.001 0.016 
12 26 40 265848 -0.067 -0.086 8.887 -0.005 -0.003 0.012 
12 26 40 271702 -0.067 -0.057 8.849 0.000 0.004 0.015 
12 26 40 277523 -0.067 -0.057 8.849 -0.001 0.001 0.021 
12 26 40 283713 -0.086 -0.048 8.830 -0.001 0.001 0.021 
12 26 40 289888 -0.086 -0.048 8.830 0.004 -0.003 0.015 
12 26 40 296042 -0.105 -0.038 8.859 0.002 -0.005 0.009 
12 26 40 302823 -0.096 0.010 8.859 -0.002 -0.005 0.009 
12 26 40 310798 -0.086 0.019 8.887 -0.007 -0.005 0.014 
12 26 40 317530 -0.086 0.019 8.887 -0.004 -0.002 0.014 
12 26 40 323281 -0.057 0.019 8.868 -0.003 -0.001 0.022 
12 26 40 329258 -0.038 -0.010 8.897 -0.000 0.005 0.021 
12 26 40 335587 -0.038 -0.010 8.897 0.001 0.004 0.018 
12 26 40 341624 -0.048 -0.019 8.916 0.002 -0.009 0.009 
12 26 40 347689 -0.048 -0.019 8.916 -0.002 0.001 0.020 
12 26 40 355574 -0.077 -0.029 8.897 -0.005 -0.000 0.019 
12 26 40 361404 -0.077 -0.019 8.878 -0.000 -0.003 0.014 
12 26 40 369495 -0.077 -0.019 8.878 -0.000 -0.003 0.014 
12 26 40 375787 -0.057 -0.029 8.878 -0.001 -0.001 0.006 
12 26 40 382262 -0.057 -0.029 8.878 -0.001 -0.003 0.019 
12 26 40 388205 -0.057 -0.029 8.878 0.002 -0.005 0.011 
12 26 40 394733 -0.086 -0.019 8.906 0.002 -0.005 0.008 
12 26 40 400718 -0.067 -0.029 8.878 -0.005 0.003 0.019 
12 26 40 406521 -0.067 -0.029 8.878 -0.004 0.005 0.019 
12 26 40 412242 -0.077 -0.029 8.916 -0.002 -0.006 0.016 
12 26 40 418580 -0.077 -0.029 8.916 -0.002 0.001 0.017 
12 26 40 424516 -0.057 -0.010 8.868 0.006 -0.008 0.016 
12 26 40 432241 -0.086 -0.019 8.849 0.005 -0.009 0.015 
12 26 40 439196 -0.067 -0.019 8.859 -0.001 -0.003 0.012 
12 26 40 445319 -0.067 -0.019 8.859 0.005 0.001 0.009 
12 26 40 452694 -0.096 -0.019 8.839 0.005 -0.014 0.016 
12 26 40 459157 -0.096 -0.019 8.839 -0.004 -0.001 0.021 
12 26 40 465423 -0.077 -0.010 8.859 -0.011 -0.002 0.014 
12 26 40 471429 -0.077 -0.029 8.868 0.005 -0.008 0.015 
12 26 40 477522 -0.077 -0.029 8.868 -0.002 0.001 0.020 
12 26 40 484586 -0.105 -0.048 8.906 -0.004 -0.000 0.013 
12 26 40 490582 -0.096 -0.029 8.916 -0.006 -0.000 0.010 
12 26 40 496487 -0.096 -0.029 8.916 0.002 -0.004 0.011 
12 26 40 502375 -0.057 -0.019 8.906 0.001 -0.005 0.012 
12 26 40 508638 -0.057 -0.019 8.906 0.004 0.002 0.011 
12 26 40 514579 -0.038 -0.029 8.897 -0.002 0.002 0.022 
12 26 40 520437 -0.057 -0.029 8.887 -0.007 -0.003 0.016 
12 26 40 526309 -0.057 -0.029 8.887 0.004 -0.000 0.016 
12 26 40 532297 -0.096 -0.029 8.868 0.004 -0.000 0.016 
12 26 40 538541 -0.096 -0.029 8.868 -0.005 0.003 0.019 
12 26 40 544517 -0.096 -0.038 8.887 -0.002 0.001 0.021 
12 26 40 550575 -0.086 -0.038 8.849 -0.003 -0.004 0.012 
12 26 40 556445 -0.086 -0.038 8.849 -0.005 -0.004 0.009 
12 26 40 562745 -0.086 -0.038 8.859 -0.005 -0.004 0.009 
12 26 40 570660 -0.105 -0.029 8.859 0.008 0.005 0.019 
12 26 40 576724 -0.105 -0.029 8.859 -0.002 -0.004 0.015 
12 26 40 584402 -0.086 -0.029 8.868 -0.006 0.006 0.017 
12 26 40 590725 -0.086 -0.029 8.868 0.002 -0.004 0.014 
12 26 40 597480 -0.096 -0.029 8.887 -0.002 0.006 0.022 
12 26 40 605157 -0.096 -0.029 8.859 -0.004 -0.002 0.019 
12 26 40 611196 -0.096 -0.029 8.859 -0.001 -0.008 0.015 
12 26 40 617550 -0.105 -0.019 8.897 -0.002 -0.002 0.020 
12 26 40 626652 -0.086 -0.048 8.878 0.002 0.006 0.015 
12 26 40 636452 -0.086 -0.057 8.878 0.001 -0.010 0.012 
12 26 40 642710 -0.086 -0.057 8.878 -0.006 -0.002 0.016 
12 26 40 648704 -0.077 -0.029 8.887 -0.001 -0.000 0.014 
12 26 40 654718 -0.057 0.019 8.878 0.001 -0.003 0.022 
12 26 40 660876 -0.057 0.019 8.878 0.002 -0.007 0.025 
12 26 40 666983 -0.067 0.019 8.868 -0.002 -0.001 0.015 
12 26 40 673001 -0.067 0.019 8.868 -0.001 0.003 0.009 
12 26 40 680298 -0.057 -0.010 8.868 -0.001 0.000 0.017 
12 26 40 686436 -0.038 -0.010 8.839 -0.003 0.005 0.017 
12 26 40 692754 -0.038 -0.010 8.839 -0.002 -0.003 0.013 
12 26 40 699076 -0.067 -0.010 8.887 -0.003 -0.002 0.015 
12 26 40 705582 -0.067 -0.010 8.887 -0.002 0.003 0.020 
12 26 40 712194 -0.067 -0.010 8.887 -0.003 -0.003 0.012 
12 26 40 718609 -0.048 -0.048 8.897 -0.003 -0.003 0.012 
12 26 40 724840 -0.048 -0.048 8.897 -0.003 0.003 0.019 
12 26 40 731032 -0.048 -0.048 8.878 0.001 0.003 0.015 
12 26 40 736786 -0.057 -0.048 8.878 -0.005 -0.005 0.015 
12 26 40 742392 -0.077 -0.057 8.859 -0.001 -0.001 0.011 
12 26 40 747996 -0.077 -0.057 8.859 -0.005 0.006 0.020 
12 26 40 753623 -0.086 -0.019 8.811 -0.001 -0.003 0.017 
12 26 40 759892 -0.086 -0.019 8.811 0.001 -0.006 0.017 
12 26 40 765483 -0.077 -0.029 8.859 0.005 -0.001 0.019 
12 26 40 771531 -0.077 -0.029 8.859 0.003 -0.002 0.017 
12 26 40 777434 -0.067 -0.038 8.830 0.002 -0.001 0.011 
12 26 40 783757 -0.067 -0.038 8.849 -0.005 -0.007 0.011 
12 26 40 790735 -0.067 -0.038 8.849 -0.005 0.003 0.012 
12 26 40 796677 -0.105 -0.048 8.868 -0.004 -0.000 0.021 
12 26 40 803815 -0.096 -0.038 8.878 0.003 0.008 0.016 
12 26 40 810725 -0.096 -0.038 8.878 0.003 0.002 0.019 
12 26 40 816696 -0.067 -0.038 8.887 0.005 -0.003 0.012 
12 26 40 823468 -0.067 -0.038 8.887 0.001 -0.011 0.014 
12 26 40 830753 -0.057 -0.038 8.935 -0.007 -0.000 0.016 
12 26 40 836680 -0.086 -0.057 8.926 -0.001 0.001 0.018 
12 26 40 844193 -0.067 -0.077 8.945 0.003 -0.004 0.015 
12 26 40 850782 -0.067 -0.077 8.945 -0.003 -0.003 0.013 
12 26 40 856721 -0.077 -0.048 8.926 -0.005 -0.002 0.010 
12 26 40 862691 -0.077 -0.048 8.926 -0.007 0.001 0.017 
12 26 40 868599 -0.096 -0.019 8.887 -0.002 0.001 0.013 
12 26 40 876188 -0.057 -0.010 8.859 -0.002 0.005 0.015 
12 26 40 884250 -0.057 -0.010 8.859 0.002 -0.006 0.019 
12 26 40 893200 -0.057 -0.010 8.878 -0.002 -0.001 0.015 
12 26 40 907271 -0.067 -0.057 8.878 -0.004 0.010 0.017 
12 26 40 914676 -0.067 -0.057 8.878 -0.001 0.002 0.017 
12 26 40 921644 -0.067 -0.057 8.878 -0.002 0.005 0.011 
12 26 40 928136 -0.067 -0.067 8.868 -0.002 0.005 0.011 
12 26 40 933838 -0.057 -0.057 8.830 0.005 0.005 0.014 
12 26 40 939998 -0.057 -0.057 8.830 0.000 -0.005 0.016 
12 26 40 945616 -0.038 -0.038 8.792 0.004 0.000 0.013 
12 26 40 951223 -0.038 -0.038 8.792 0.009 -0.002 0.010 
12 26 40 956906 -0.057 -0.048 8.820 0.009 -0.005 0.011 
12 26 40 962530 -0.057 -0.048 8.820 0.002 -0.004 0.022 
12 26 40 968196 -0.067 -0.057 8.897 0.002 0.001 0.015 
12 26 40 973822 -0.067 -0.057 8.897 0.002 0.001 0.014 
12 26 40 979984 -0.077 -0.048 8.868 -0.005 0.002 0.015 
12 26 40 985599 -0.086 -0.029 8.878 -0.002 -0.003 0.013 
12 26 40 991200 -0.086 -0.029 8.878 0.005 -0.004 0.012 
12 26 40 997650 -0.086 -0.019 8.906 0.003 -0.007 0.017 
12 26 41 6488 -0.086 -0.019 8.906 -0.009 -0.005 0.012 
12 26 41 23791 -0.086 -0.019 8.906 -0.002 -0.006 0.009 
12 26 41 30258 -0.086 -0.019 8.906 -0.001 -0.005 0.018 
12 26 41 36587 -0.115 -0.038 8.868 0.001 -0.003 0.012 
12 26 41 42755 -0.067 -0.019 8.849 0.001 -0.003 0.012 
12 26 41 49299 -0.048 -0.029 8.830 0.001 -0.003 0.012 
12 26 41 55520 -0.048 -0.029 8.830 -0.003 0.002 0.016 
12 26 41 62103 -0.048 -0.029 8.830 -0.006 -0.000 0.011 
12 26 41 68925 -0.048 -0.029 8.830 -0.003 -0.011 0.020 
12 26 41 74570 -0.077 -0.029 8.801 -0.007 -0.001 0.013 
12 26 41 81443 -0.096 -0.038 8.849 0.004 -0.001 0.013 
12 26 41 87020 -0.096 -0.038 8.849 -0.001 0.000 0.015 
12 26 41 92589 -0.067 -0.048 8.887 -0.006 -0.006 0.011 
12 26 41 98159 -0.067 -0.048 8.887 -0.001 0.000 0.010 
12 26 41 104780 -0.086 -0.038 8.868 0.001 0.008 0.015 
12 26 41 111523 -0.057 -0.029 8.878 0.004 -0.010 0.017 
12 26 41 117151 -0.057 -0.029 8.878 -0.003 -0.009 0.021 
12 26 41 123657 -0.057 -0.038 8.868 -0.005 0.002 0.012 
12 26 41 129673 -0.057 -0.038 8.868 -0.002 0.002 0.009 
12 26 41 135763 -0.048 -0.019 8.859 0.003 0.000 0.010 
12 26 41 141827 -0.048 -0.019 8.859 -0.002 -0.013 0.017 
12 26 41 147688 -0.057 -0.029 8.839 0.002 -0.006 0.027 
12 26 41 154090 -0.048 -0.029 8.916 0.004 -0.006 0.016 
12 26 41 160241 -0.048 -0.029 8.916 0.005 0.001 0.018 
12 26 41 166634 -0.057 -0.038 8.868 -0.002 -0.003 0.014 
12 26 41 172436 -0.077 -0.048 8.878 -0.002 -0.014 0.011 
12 26 41 178064 -0.077 -0.048 8.878 -0.004 -0.006 0.007 
12 26 41 183856 -0.057 -0.038 8.887 0.002 -0.002 0.008 
12 26 41 189479 -0.057 -0.038 8.887 -0.002 -0.002 0.008 
12 26 41 195021 -0.057 -0.057 8.897 -0.001 0.004 0.008 
12 26 41 200717 -0.057 -0.057 8.897 0.000 -0.002 0.005 
12 26 41 206300 -0.057 -0.019 8.830 -0.007 -0.010 0.017 
12 26 41 211831 -0.057 -0.019 8.887 0.004 -0.003 0.017 
12 26 41 217372 -0.057 -0.019 8.887 0.011 -0.001 0.013 
12 26 41 222967 -0.077 -0.019 8.868 -0.003 -0.003 0.018 
12 26 41 228929 -0.077 -0.019 8.868 -0.005 -0.006 0.015 
12 26 41 234636 -0.029 -0.038 8.897 0.000 -0.003 0.015 
12 26 41 240520 -0.029 -0.038 8.897 -0.003 -0.005 0.016 
12 26 41 246196 -0.077 -0.048 8.878 0.003 0.004 0.020 
12 26 41 252017 -0.067 -0.029 8.878 -0.000 -0.002 0.008 
12 26 41 257671 -0.067 -0.029 8.878 -0.000 -0.009 0.015 
12 26 41 263320 -0.057 -0.019 8.839 0.003 0.001 0.009 
12 26 41 269027 -0.057 -0.019 8.839 -0.002 -0.005 0.017 
12 26 41 274916 -0.038 -0.038 8.916 -0.005 -0.002 0.012 
12 26 41 281725 -0.038 -0.038 8.916 0.005 -0.002 0.018 
12 26 41 287535 -0.067 -0.086 8.935 -0.006 0.006 0.017 
12 26 41 293305 -0.067 -0.067 8.887 0.003 0.008 0.020 
12 26 41 299100 -0.067 -0.067 8.887 0.002 -0.005 0.017 
12 26 41 305263 -0.077 -0.057 8.935 0.003 0.006 0.018 
12 26 41 311527 -0.077 -0.057 8.935 0.002 -0.012 0.013 
12 26 41 318706 -0.067 -0.067 8.897 0.004 -0.011 0.016 
12 26 41 324788 -0.048 -0.019 8.878 -0.001 -0.005 0.011 
12 26 41 330904 -0.048 -0.019 8.878 0.005 0.001 0.012 
12 26 41 337171 -0.077 -0.048 8.887 -0.001 0.006 0.008 
12 26 41 343270 -0.077 -0.048 8.887 0.004 -0.004 0.011 
12 26 41 349422 -0.096 -0.057 8.849 0.001 -0.011 0.019 
12 26 41 355493 -0.067 -0.048 8.849 -0.003 -0.009 0.017 
12 26 41 361533 -0.067 -0.048 8.849 0.002 -0.008 0.009 
12 26 41 367718 -0.086 -0.067 8.820 -0.002 -0.004 0.015 
12 26 41 374001 -0.057 -0.048 8.839 -0.002 0.003 0.017 
12 26 41 379682 -0.057 -0.048 8.839 0.001 -0.004 0.014 
12 26 41 385599 -0.048 -0.038 8.868 0.003 0.001 0.016 
12 26 41 391166 -0.048 -0.038 8.868 -0.005 -0.002 0.006 
12 26 41 396787 -0.048 -0.029 8.849 0.001 -0.003 0.022 
12 26 41 402386 -0.048 -0.029 8.849 0.001 -0.009 0.011 
12 26 41 407982 -0.057 -0.038 8.820 0.001 0.008 0.015 
12 26 41 413636 -0.057 -0.038 8.868 0.003 0.002 0.013 
12 26 41 419340 -0.057 -0.038 8.868 -0.004 0.000 0.012 
12 26 41 426958 -0.057 -0.048 8.887 0.000 -0.004 0.008 
12 26 41 434794 -0.057 -0.048 8.868 0.002 -0.000 0.009 
12 26 41 440692 -0.057 -0.048 8.868 0.004 -0.006 0.018 
12 26 41 446931 -0.048 -0.048 8.839 -0.005 0.003 0.016 
12 26 41 453369 -0.048 -0.048 8.839 -0.002 -0.004 0.014 
12 26 41 460721 -0.038 -0.048 8.849 0.005 0.001 0.019 
12 26 41 467364 -0.038 -0.048 8.839 0.005 0.004 0.020 
12 26 41 473471 -0.038 -0.048 8.839 0.005 -0.002 0.015 
12 26 41 480804 -0.057 -0.048 8.878 0.001 0.000 0.019 
12 26 41 487105 -0.057 -0.038 8.859 0.001 0.000 0.019 
12 26 41 493953 -0.057 -0.038 8.859 0.001 0.004 0.018 
12 26 41 501130 -0.057 -0.019 8.878 -0.005 0.006 0.019 
12 26 41 508399 -0.057 -0.019 8.878 -0.005 -0.002 0.013 
12 26 41 514847 -0.057 -0.038 8.878 -0.003 0.002 0.014 
12 26 41 521467 -0.057 -0.019 8.859 -0.011 0.000 0.017 
12 26 41 527582 -0.057 -0.019 8.859 -0.000 -0.000 0.012 
12 26 41 533635 -0.057 -0.019 8.849 -0.002 0.004 0.013 
12 26 41 539519 -0.048 -0.029 8.849 0.005 -0.007 0.007 
12 26 41 545533 -0.048 -0.038 8.878 -0.001 -0.003 0.013 
12 26 41 551416 -0.048 -0.038 8.878 0.006 -0.002 0.013 
12 26 41 557511 -0.057 -0.057 8.878 0.006 -0.002 0.013 
12 26 41 563401 -0.057 -0.057 8.878 -0.003 -0.009 0.015 
12 26 41 570460 -0.048 -0.048 8.859 0.002 -0.004 0.015 
12 26 41 576622 -0.048 -0.048 8.859 -0.001 0.006 0.017 
12 26 41 582655 -0.077 -0.057 8.820 -0.001 0.001 0.010 
12 26 41 589528 -0.057 -0.048 8.868 -0.003 -0.000 0.006 
12 26 41 596069 -0.057 -0.048 8.868 0.005 -0.005 0.017 
12 26 41 602928 -0.105 -0.057 8.859 0.004 -0.004 0.015 
12 26 41 609636 -0.057 -0.048 8.897 0.005 -0.007 0.015 
12 26 41 616673 -0.057 -0.048 8.897 -0.002 -0.004 0.019 
12 26 41 622336 -0.086 -0.038 8.868 0.003 0.002 0.016 
12 26 41 627926 -0.067 -0.048 8.868 0.007 -0.012 0.013 
12 26 41 635552 -0.067 -0.048 8.868 0.002 -0.004 0.008 
12 26 41 641414 -0.086 -0.057 8.868 0.001 0.003 0.020 
12 26 41 647205 -0.086 -0.057 8.868 -0.002 -0.005 0.009 
12 26 41 652954 -0.067 -0.048 8.849 0.004 -0.006 0.020 
12 26 41 658593 -0.029 -0.038 8.878 0.006 -0.002 0.016 
12 26 41 664404 -0.029 -0.038 8.878 -0.004 0.002 0.023 
12 26 41 670134 -0.057 -0.057 8.849 -0.004 -0.004 0.015 
12 26 41 676016 -0.057 -0.057 8.849 0.000 -0.003 0.019 
12 26 41 681951 -0.077 -0.038 8.868 -0.009 0.004 0.024 
12 26 41 687925 -0.077 -0.038 8.868 -0.002 -0.003 0.014 
12 26 41 694005 -0.115 -0.038 8.868 -0.002 -0.003 0.009 
12 26 41 700100 -0.067 -0.057 8.830 -0.003 -0.004 0.014 
12 26 41 706134 -0.067 -0.057 8.830 0.001 0.002 0.016 
12 26 41 712049 -0.048 -0.038 8.868 -0.002 0.003 0.026 
12 26 41 717948 -0.057 -0.048 8.839 -0.005 0.005 0.016 
12 26 41 724015 -0.057 -0.048 8.839 0.004 -0.001 0.022 
12 26 41 729898 -0.038 -0.048 8.849 0.000 -0.001 0.019 
12 26 41 735760 -0.038 -0.048 8.849 0.001 0.001 0.012 
12 26 41 741675 -0.067 -0.057 8.878 0.004 -0.001 0.011 
12 26 41 748827 -0.067 -0.029 8.878 0.004 -0.006 0.008 
12 26 41 754879 -0.067 -0.029 8.878 -0.003 0.003 0.022 
12 26 41 760873 -0.048 -0.038 8.878 0.002 -0.004 0.015 
12 26 41 766843 -0.048 -0.038 8.878 0.004 -0.009 0.009 
12 26 41 772729 -0.038 -0.048 8.887 -0.005 -0.009 0.011 
12 26 41 778657 -0.057 -0.057 8.868 -0.002 0.008 0.022 
12 26 41 784817 -0.057 -0.057 8.868 -0.002 0.003 0.018 
12 26 41 790827 -0.048 -0.067 8.820 -0.000 0.000 0.015 
12 26 41 798146 -0.048 -0.067 8.820 0.006 0.012 0.019 
12 26 41 805888 -0.067 -0.048 8.868 -0.006 0.003 0.017 
12 26 41 812779 -0.048 -0.029 8.868 0.004 0.005 0.021 
12 26 41 820804 -0.077 -0.029 8.868 -0.000 0.003 0.020 
12 26 41 829114 -0.077 -0.029 8.868 0.001 -0.002 0.014 
12 26 41 837324 -0.067 -0.010 8.859 -0.003 -0.004 0.022 
12 26 41 844576 -0.067 -0.038 8.878 0.004 0.003 0.018 
12 26 41 852177 -0.067 -0.038 8.878 -0.006 -0.002 0.019 
12 26 41 858755 -0.067 -0.038 8.878 0.005 0.004 0.020 
12 26 41 865212 -0.067 -0.038 8.878 0.002 -0.005 0.018 
12 26 41 871546 -0.057 -0.038 8.849 0.002 -0.005 0.018 
12 26 41 878064 -0.057 -0.038 8.897 -0.007 -0.006 0.019 
12 26 41 884235 -0.057 -0.038 8.897 -0.001 -0.003 0.015 
12 26 41 890435 -0.057 -0.038 8.897 -0.006 0.001 0.017 
12 26 41 896892 -0.057 -0.038 8.897 0.003 -0.005 0.016 
12 26 41 903149 -0.057 -0.038 8.897 -0.002 -0.003 0.020 
12 26 41 909309 -0.077 -0.048 8.926 -0.002 -0.003 0.020 
12 26 41 915793 -0.086 -0.038 8.916 -0.002 -0.003 0.020 
12 26 41 922288 -0.077 -0.048 8.830 -0.002 -0.003 0.020 
12 26 41 927938 -0.077 -0.048 8.830 0.001 -0.003 0.017 
12 26 41 933602 -0.057 -0.029 8.811 -0.004 -0.002 0.011 
12 26 41 939939 -0.038 -0.029 8.849 0.007 0.007 0.020 
12 26 41 945547 -0.038 -0.029 8.849 0.002 0.005 0.015 
12 26 41 951760 -0.038 -0.038 8.820 0.002 -0.003 0.022 
12 26 41 957497 -0.038 -0.038 8.820 0.001 -0.005 0.016 
12 26 41 963358 -0.038 -0.019 8.887 0.006 0.004 0.016 
12 26 41 969280 -0.067 -0.038 8.906 -0.001 0.002 0.018 
12 26 41 975293 -0.067 -0.038 8.906 0.002 0.002 0.020 
12 26 41 981572 -0.038 -0.048 8.849 -0.001 -0.005 0.010 
12 26 41 988513 -0.038 -0.048 8.849 -0.003 -0.004 0.018 
12 26 41 995031 -0.096 -0.086 8.887 -0.008 0.008 0.020 
12 26 42 1234 -0.096 -0.086 8.859 0.002 0.002 0.017 
12 26 42 7081 -0.096 -0.086 8.859 -0.005 -0.002 0.015 
12 26 42 13601 -0.096 -0.038 8.878 -0.005 -0.000 0.017 
12 26 42 20211 -0.096 -0.038 8.878 -0.005 0.006 0.011 
12 26 42 26107 -0.077 -0.038 8.878 -0.006 -0.002 0.018 
12 26 42 32086 -0.077 -0.057 8.897 -0.006 -0.002 0.018 
12 26 42 38586 -0.077 -0.057 8.897 -0.002 -0.001 0.016 
12 26 42 45835 -0.077 -0.029 8.859 -0.004 -0.005 0.014 
12 26 42 51872 -0.048 -0.029 8.916 -0.004 -0.005 0.014 
12 26 42 57763 -0.048 -0.029 8.916 0.001 -0.006 0.011 
12 26 42 64006 -0.038 -0.019 8.859 0.002 -0.002 0.018 
12 26 42 69979 -0.038 -0.019 8.859 -0.002 0.005 0.018 
12 26 42 76227 -0.038 -0.019 8.859 -0.003 -0.006 0.017 
12 26 42 82604 -0.067 -0.029 8.887 -0.003 -0.003 0.020 
12 26 42 89608 -0.067 -0.029 8.887 0.008 0.002 0.016 
12 26 42 96035 -0.038 -0.057 8.906 0.008 0.002 0.016 
12 26 42 102465 -0.057 -0.029 8.878 0.008 0.002 0.016 
12 26 42 109185 -0.057 -0.038 8.859 0.001 -0.000 0.016 
12 26 42 115739 -0.057 -0.038 8.859 0.005 -0.002 0.016 
12 26 42 122091 -0.057 -0.038 8.859 0.005 -0.001 0.019 
12 26 42 129694 -0.057 -0.038 8.859 0.005 -0.008 0.015 
12 26 42 135863 -0.057 -0.038 8.859 -0.007 0.003 0.018 
12 26 42 142287 -0.057 -0.038 8.859 -0.001 0.003 0.015 
12 26 42 148519 -0.057 -0.038 8.859 -0.003 -0.004 0.011 
12 26 42 155011 -0.048 -0.038 8.859 -0.003 -0.004 0.011 
12 26 42 161501 -0.057 -0.038 8.859 -0.003 -0.004 0.011 
12 26 42 167716 -0.048 -0.105 8.868 -0.003 -0.004 0.011 
12 26 42 174095 -0.048 -0.105 8.878 -0.003 -0.004 0.011 
12 26 42 180496 -0.029 -0.057 8.859 -0.007 -0.004 0.010 
12 26 42 186913 -0.029 -0.057 8.859 -0.005 -0.007 0.017 
12 26 42 193015 -0.029 -0.057 8.859 0.001 -0.004 0.009 
12 26 42 198762 -0.029 -0.057 8.859 0.007 -0.002 0.018 
12 26 42 204565 -0.029 -0.057 8.859 -0.007 -0.005 0.020 
12 26 42 210858 -0.057 -0.038 8.830 -0.004 -0.002 0.018 
12 26 42 216780 -0.086 -0.086 8.868 -0.003 -0.002 0.015 
12 26 42 222502 -0.048 -0.038 8.849 0.004 0.003 0.013 
12 26 42 228220 -0.048 -0.038 8.849 0.002 -0.005 0.015 
12 26 42 234109 -0.038 -0.010 8.811 0.005 -0.005 0.016 
12 26 42 239947 -0.038 -0.010 8.811 0.000 -0.009 0.023 
12 26 42 245543 -0.038 -0.019 8.811 0.001 0.002 0.018 
12 26 42 251188 -0.038 -0.019 8.811 0.004 0.006 0.022 
12 26 42 256872 -0.057 -0.038 8.887 0.008 -0.004 0.017 
12 26 42 263676 -0.057 -0.038 8.887 0.002 -0.004 0.012 
12 26 42 271169 -0.029 -0.048 8.820 -0.002 -0.003 0.010 
12 26 42 277617 -0.038 -0.038 8.830 -0.001 -0.005 0.011 
12 26 42 284597 -0.038 -0.038 8.830 -0.001 -0.005 0.011 
12 26 42 290644 -0.048 -0.038 8.830 -0.004 -0.007 0.013 
12 26 42 296840 -0.019 -0.048 8.839 -0.004 -0.007 0.013 
12 26 42 302749 -0.019 -0.048 8.839 -0.001 -0.014 0.018 
12 26 42 308451 -0.029 -0.067 8.830 -0.004 -0.010 0.017 
12 26 42 314251 -0.048 -0.038 8.820 -0.009 -0.002 0.017 
12 26 42 321663 -0.048 -0.038 8.820 0.010 -0.005 0.010 
12 26 42 327342 -0.067 0.010 8.830 -0.001 -0.006 0.011 
12 26 42 333433 -0.067 0.010 8.830 -0.003 0.004 0.012 
12 26 42 339276 -0.029 0.010 8.849 -0.002 -0.008 0.012 
12 26 42 345070 -0.029 -0.048 8.811 0.004 0.000 0.013 
12 26 42 350740 -0.029 -0.048 8.811 0.002 0.100 0.008 
12 26 42 356407 0.134 -0.201 6.196 0.039 0.980 0.046 
12 26 42 362069 0.134 -0.201 6.196 0.505 0.910 0.026 
12 26 42 367757 -1.638 1.312 10.621 0.176 0.187 0.027 
12 26 42 373786 -1.638 1.312 10.621 0.016 -0.446 0.044 
12 26 42 379585 -0.967 0.699 9.337 -0.007 -0.215 0.016 
12 26 42 385530 -0.345 0.220 8.246 -0.026 0.305 0.010 
12 26 42 391492 -0.345 0.220 8.246 0.032 0.140 0.004 
12 26 42 397330 -0.431 0.077 8.361 0.003 -0.153 0.006 
12 26 42 403411 -0.431 0.077 8.361 -0.002 0.041 0.003 
12 26 42 409282 -0.230 -0.038 8.715 0.010 0.069 -0.001 
12 26 42 415837 -0.287 -0.048 8.753 0.018 -0.061 0.012 
12 26 42 421747 -0.287 -0.048 8.753 0.004 0.019 0.011 
12 26 42 427503 -0.211 -0.067 8.897 0.000 -0.011 0.009 
12 26 42 433765 -0.211 -0.067 8.897 0.003 -0.032 0.014 
12 26 42 440403 -0.182 -0.038 8.792 0.006 -0.013 0.011 
12 26 42 446790 -0.163 -0.057 8.801 0.006 -0.013 0.011 
12 26 42 452723 -0.163 -0.057 8.801 0.006 0.008 0.018 
12 26 42 459201 -0.124 -0.029 8.763 0.001 0.038 0.018 
12 26 42 465754 -0.124 -0.029 8.763 0.001 0.022 0.016 
12 26 42 471744 -0.144 -0.019 8.839 -0.007 0.026 0.015 
12 26 42 477249 -0.124 -0.010 8.859 0.002 0.016 0.011 
12 26 42 482765 -0.124 -0.010 8.859 0.004 0.006 0.018 
12 26 42 488451 -0.144 -0.010 8.849 0.002 0.013 0.024 
12 26 42 494627 -0.144 -0.010 8.849 0.003 0.008 0.017 
12 26 42 500154 -0.172 -0.010 8.887 0.006 0.005 0.012 
