13 57 08 538120 3.821 5.756 6.196 0.096 0.330 0.600 
13 57 08 544606 3.716 5.756 6.321 0.116 0.316 0.639 
13 57 08 550864 3.716 5.756 6.321 0.116 0.316 0.639 
13 57 08 557403 3.716 5.756 6.321 0.162 0.308 0.693 
13 57 08 563818 3.716 5.756 6.321 0.183 0.306 0.721 
13 57 08 570082 3.716 5.756 6.321 0.203 0.331 0.741 
13 57 08 576508 3.630 5.669 6.359 0.203 0.331 0.741 
13 57 08 582547 3.543 5.574 6.416 0.216 0.350 0.766 
13 57 08 588795 3.543 5.574 6.416 0.193 0.342 0.801 
13 57 08 594601 3.333 5.612 6.713 0.173 0.325 0.807 
13 57 08 600717 3.467 5.488 6.675 0.142 0.338 0.793 
13 57 08 606523 3.352 5.353 6.742 0.057 0.347 0.767 
13 57 08 612734 3.352 5.353 6.742 0.033 0.371 0.771 
13 57 08 618516 3.266 5.277 6.905 0.031 0.387 0.772 
13 57 08 624319 3.294 5.104 6.570 0.033 0.430 0.768 
13 57 08 631961 3.294 5.104 6.570 0.041 0.471 0.762 
13 57 08 639755 3.323 4.664 6.282 0.105 0.554 0.744 
13 57 08 646410 3.017 4.482 6.828 0.123 0.609 0.716 
13 57 08 652237 3.017 4.482 6.828 0.071 0.726 0.678 
13 57 08 658257 2.854 4.453 7.719 0.013 0.725 0.658 
13 57 08 665113 3.160 4.568 8.169 -0.038 0.699 0.657 
13 57 08 671191 3.160 4.568 8.169 -0.057 0.586 0.680 
13 57 08 677024 3.266 4.482 8.092 -0.081 0.444 0.680 
13 57 08 683240 3.266 4.482 8.092 -0.064 0.306 0.660 
13 57 08 690987 2.959 4.329 8.054 -0.041 0.211 0.636 
13 57 08 697459 2.959 4.329 8.054 -0.024 0.135 0.605 
13 57 08 704101 2.959 4.329 8.054 -0.011 0.112 0.474 
13 57 08 710875 2.126 3.409 7.173 -0.011 0.112 0.474 
13 57 08 717040 2.126 3.409 7.173 -0.005 0.148 0.383 
13 57 08 723273 2.126 3.409 7.173 -0.007 0.178 0.161 
13 57 08 729847 2.126 3.409 7.173 -0.039 0.120 -0.042 
13 57 08 736194 1.561 3.208 7.106 -0.046 0.033 -0.052 
13 57 08 743858 2.892 4.290 7.154 -0.046 0.033 -0.052 
13 57 08 749954 2.892 4.290 7.154 -0.031 -0.021 -0.058 
13 57 08 755947 2.892 4.290 7.154 0.017 -0.044 -0.035 
13 57 08 761991 2.892 4.290 7.154 0.067 -0.044 -0.021 
13 57 08 768455 2.892 4.290 7.154 0.117 -0.077 -0.007 
13 57 08 777252 3.256 5.104 6.895 0.117 -0.077 -0.007 
13 57 08 783816 3.342 5.325 6.895 0.117 -0.077 -0.007 
13 57 08 790559 3.361 5.267 6.838 0.131 -0.088 0.020 
13 57 08 796625 3.361 5.267 6.838 0.122 -0.083 0.020 
13 57 08 802737 3.361 5.267 6.838 0.110 -0.063 0.038 
13 57 08 808797 3.361 5.267 6.838 0.040 -0.034 0.046 
13 57 08 814823 3.361 5.267 6.838 0.012 -0.016 0.051 
13 57 08 820687 3.218 4.884 6.742 0.012 -0.016 0.051 
13 57 08 826613 3.218 4.884 6.742 -0.035 -0.027 0.022 
13 57 08 832398 3.237 4.817 6.723 -0.050 -0.034 0.004 
13 57 08 837922 3.218 4.855 6.752 -0.046 -0.026 -0.005 
13 57 08 843443 3.218 4.855 6.752 -0.048 -0.028 -0.010 
13 57 08 849000 3.218 4.894 6.771 -0.053 -0.028 -0.015 
13 57 08 855821 3.266 4.980 6.819 -0.044 -0.024 -0.009 
13 57 08 861390 3.266 4.980 6.819 -0.043 -0.012 -0.000 
13 57 08 867458 3.323 5.037 6.886 -0.043 -0.012 -0.000 
13 57 08 873546 3.323 5.037 6.886 -0.049 -0.016 -0.001 
13 57 08 879327 3.342 5.028 6.895 -0.054 -0.015 0.001 
13 57 08 885286 3.342 5.028 6.895 -0.060 -0.015 -0.007 
13 57 08 891098 3.371 5.018 6.809 -0.055 -0.003 -0.007 
13 57 08 897169 3.371 5.018 6.809 -0.054 0.014 -0.009 
13 57 08 902948 3.323 4.980 6.761 -0.053 0.033 -0.013 
13 57 08 908715 3.294 4.894 6.809 -0.053 0.039 -0.011 
13 57 08 914467 3.294 4.894 6.809 -0.040 0.045 -0.008 
13 57 08 920687 3.285 4.894 6.857 -0.038 0.053 -0.010 
13 57 08 926436 3.285 4.894 6.857 -0.035 0.052 -0.010 
13 57 08 932189 3.247 4.903 6.953 -0.023 0.031 -0.016 
13 57 08 938002 3.247 4.903 6.953 -0.028 0.030 -0.012 
13 57 08 943815 3.227 4.951 6.981 -0.037 0.020 -0.014 
13 57 08 951230 3.256 5.009 7.029 -0.048 -0.005 -0.020 
13 57 08 957295 3.256 5.009 7.029 -0.046 -0.004 -0.016 
13 57 08 963100 3.247 4.999 7.068 -0.053 -0.010 -0.016 
13 57 08 968919 3.304 4.980 7.049 -0.059 -0.019 -0.018 
13 57 08 975126 3.304 4.980 7.049 -0.065 -0.029 -0.017 
13 57 08 982008 3.304 4.942 6.991 -0.052 -0.031 -0.008 
13 57 08 987894 3.304 4.942 6.991 -0.057 -0.024 -0.016 
13 57 08 993812 3.304 4.894 6.981 -0.043 -0.000 -0.012 
13 57 08 999911 3.304 4.894 6.981 -0.030 0.014 -0.012 
13 57 09 6501 3.333 4.884 6.914 -0.022 0.021 -0.013 
13 57 09 13123 3.323 4.836 6.943 -0.009 0.024 -0.018 
13 57 09 19836 3.304 4.827 6.943 0.005 0.004 -0.014 
13 57 09 27033 3.304 4.827 6.943 0.006 0.004 -0.018 
13 57 09 32953 3.237 4.846 6.943 0.005 -0.001 -0.019 
13 57 09 39059 3.237 4.846 6.943 0.012 -0.025 -0.020 
13 57 09 45837 3.227 4.865 6.991 0.012 -0.038 -0.016 
13 57 09 51822 3.275 4.932 7.010 0.013 -0.044 -0.023 
13 57 09 58519 3.275 4.932 7.010 0.009 -0.062 -0.007 
13 57 09 64542 3.304 4.990 7.058 0.006 -0.072 -0.000 
13 57 09 70569 3.285 5.028 7.010 0.004 -0.079 -0.004 
13 57 09 76607 3.285 5.028 7.010 0.011 -0.082 0.004 
13 57 09 82482 3.285 5.047 7.001 0.004 -0.099 0.005 
13 57 09 88489 3.285 5.047 7.001 0.009 -0.113 0.001 
13 57 09 94785 3.294 4.990 7.087 0.009 -0.113 0.001 
13 57 09 101092 3.294 4.990 7.087 0.004 -0.103 -0.004 
13 57 09 107396 3.285 4.990 6.895 0.005 -0.090 -0.002 
13 57 09 113571 3.285 4.990 6.895 0.017 -0.096 -0.020 
13 57 09 119914 3.285 4.990 6.895 0.024 -0.082 -0.010 
13 57 09 126153 3.333 4.942 6.771 0.024 -0.082 -0.010 
13 57 09 132414 3.333 4.942 6.771 0.014 -0.051 -0.009 
13 57 09 138753 3.333 4.942 6.771 0.013 -0.036 -0.006 
13 57 09 145024 3.333 4.942 6.771 0.017 -0.048 0.005 
13 57 09 151237 3.275 5.037 6.771 0.017 -0.048 0.005 
13 57 09 157545 3.247 5.057 6.962 0.019 -0.061 0.005 
13 57 09 165766 3.247 5.057 6.962 0.017 -0.073 0.017 
13 57 09 172134 3.247 5.057 6.962 0.002 -0.056 0.006 
13 57 09 179381 3.333 5.047 6.790 0.005 -0.039 0.015 
13 57 09 185848 3.371 5.066 6.790 -0.007 -0.003 0.029 
13 57 09 191447 3.304 5.037 6.800 -0.006 -0.002 0.040 
13 57 09 197113 3.304 5.037 6.800 -0.010 0.006 0.031 
13 57 09 202691 3.304 5.018 6.800 -0.023 0.006 0.031 
13 57 09 209057 3.304 5.018 6.800 -0.026 0.001 0.027 
13 57 09 215448 3.333 4.951 6.809 -0.017 -0.002 0.011 
13 57 09 220972 3.314 4.961 6.828 -0.032 0.007 0.012 
13 57 09 226504 3.314 4.961 6.828 -0.032 0.017 0.004 
13 57 09 232075 3.294 4.942 6.790 -0.029 0.007 0.009 
13 57 09 237795 3.294 4.942 6.790 -0.027 0.009 0.006 
13 57 09 243605 3.285 4.942 6.819 -0.024 -0.000 0.002 
13 57 09 249354 3.285 4.942 6.819 -0.019 -0.009 0.004 
13 57 09 256035 3.285 4.903 6.876 -0.034 -0.001 0.005 
13 57 09 262138 3.304 4.951 6.838 -0.022 -0.001 0.001 
13 57 09 267872 3.304 4.951 6.838 -0.019 -0.001 0.007 
13 57 09 273678 3.371 5.009 6.924 -0.010 -0.018 0.003 
13 57 09 279889 3.371 5.009 6.924 0.002 -0.012 0.003 
13 57 09 286792 3.304 4.913 6.972 -0.020 -0.003 0.006 
13 57 09 293347 3.342 4.932 6.886 -0.013 0.013 0.007 
13 57 09 299872 3.342 4.932 6.886 -0.016 0.034 0.008 
13 57 09 306789 3.352 4.922 6.886 -0.016 0.066 0.013 
13 57 09 313081 3.323 4.875 6.771 -0.016 0.066 0.013 
13 57 09 319056 3.323 4.875 6.771 -0.002 0.085 0.002 
13 57 09 326571 3.314 4.875 6.742 0.009 0.075 -0.009 
13 57 09 333544 3.323 4.884 6.780 0.006 0.051 0.002 
13 57 09 339501 3.323 4.884 6.780 -0.000 0.045 0.005 
13 57 09 346896 3.342 4.903 6.895 -0.013 0.032 -0.002 
13 57 09 353289 3.285 4.980 6.914 -0.013 0.032 -0.002 
13 57 09 359237 3.285 4.980 6.914 -0.042 -0.014 -0.007 
13 57 09 365154 3.275 5.057 7.001 -0.053 -0.025 -0.004 
13 57 09 371873 3.275 5.057 7.001 -0.060 -0.046 0.004 
13 57 09 377765 3.189 5.076 7.096 -0.059 -0.034 0.013 
13 57 09 384085 3.189 5.076 7.096 -0.055 -0.037 0.017 
13 57 09 390439 3.208 5.171 6.991 -0.046 -0.041 0.022 
13 57 09 396411 3.275 5.152 6.962 -0.053 -0.041 0.020 
13 57 09 402596 3.275 5.152 6.962 -0.048 -0.012 0.027 
13 57 09 408515 3.285 5.028 6.924 -0.045 0.001 0.029 
13 57 09 414469 3.314 4.913 6.800 -0.042 0.024 0.028 
13 57 09 420474 3.314 4.913 6.800 -0.016 0.036 0.027 
13 57 09 426388 3.323 4.836 6.771 -0.011 0.036 0.012 
13 57 09 432547 3.323 4.836 6.771 0.003 0.033 0.013 
13 57 09 438444 3.314 4.808 6.780 0.008 0.030 -0.005 
13 57 09 444399 3.285 4.836 6.943 0.011 0.021 0.003 
13 57 09 451812 3.285 4.836 6.943 0.009 0.018 0.004 
13 57 09 457706 3.304 4.846 6.934 0.001 -0.002 0.004 
13 57 09 463582 3.304 4.846 6.934 -0.016 -0.016 0.005 
13 57 09 469529 3.314 4.903 6.895 -0.017 -0.018 -0.003 
13 57 09 477273 3.275 4.951 6.867 -0.030 -0.008 -0.007 
13 57 09 484901 3.275 4.951 6.867 -0.016 -0.002 0.006 
13 57 09 491526 3.266 4.990 6.905 -0.022 -0.002 0.003 
13 57 09 498275 3.266 4.990 6.905 -0.028 -0.006 0.010 
13 57 09 504710 3.266 5.018 6.857 -0.028 -0.006 0.010 
13 57 09 511172 3.275 5.009 6.828 -0.021 -0.004 0.020 
13 57 09 517440 3.275 5.009 6.828 -0.027 0.012 0.016 
13 57 09 523469 3.275 5.009 6.828 -0.012 0.012 0.029 
13 57 09 529638 3.266 4.951 6.953 -0.012 0.012 0.029 
13 57 09 535680 3.266 4.951 6.953 -0.012 -0.005 0.026 
13 57 09 541771 3.314 4.894 6.972 -0.013 0.001 0.023 
13 57 09 548007 3.275 4.884 6.905 -0.004 -0.012 0.021 
13 57 09 554775 3.275 4.884 6.905 -0.003 -0.010 0.009 
13 57 09 560816 3.266 4.922 6.895 -0.006 -0.011 0.013 
13 57 09 566860 3.285 4.951 6.876 -0.006 -0.014 0.016 
13 57 09 572967 3.285 4.951 6.876 0.004 -0.013 0.010 
13 57 09 579024 3.266 4.922 6.895 -0.008 -0.017 0.005 
13 57 09 585448 3.266 4.922 6.895 -0.014 -0.020 0.012 
13 57 09 592471 3.275 4.913 6.847 -0.022 -0.002 0.012 
13 57 09 598496 3.285 4.913 6.847 -0.021 0.007 0.011 
13 57 09 604553 3.285 4.913 6.847 -0.033 0.019 -0.001 
13 57 09 612373 3.247 4.951 6.857 -0.021 0.027 0.006 
13 57 09 618599 3.266 4.961 6.876 -0.005 0.029 0.009 
13 57 09 624676 3.266 4.961 6.876 -0.010 0.024 0.001 
13 57 09 632228 3.218 4.980 6.924 -0.022 0.014 0.005 
13 57 09 638234 3.247 4.999 6.924 -0.020 0.008 0.015 
13 57 09 644019 3.227 4.951 6.991 -0.017 0.002 0.007 
13 57 09 649704 3.227 4.951 6.991 -0.022 -0.005 0.004 
13 57 09 655292 3.237 4.970 6.981 -0.017 0.001 0.014 
13 57 09 660879 3.237 4.970 6.981 -0.000 -0.013 0.016 
13 57 09 666445 3.266 4.942 7.010 -0.002 -0.012 0.017 
13 57 09 672024 3.266 4.942 7.010 -0.001 -0.008 0.025 
13 57 09 677591 3.237 4.922 6.905 0.008 -0.011 0.020 
13 57 09 685006 3.237 4.922 6.905 0.009 -0.013 0.019 
13 57 09 691233 3.256 4.894 6.886 0.012 -0.003 0.019 
13 57 09 697209 3.285 4.922 6.847 -0.002 0.000 0.011 
13 57 09 702993 3.285 4.922 6.847 -0.005 0.003 0.011 
13 57 09 708814 3.304 4.932 6.867 -0.005 0.000 0.007 
13 57 09 714962 3.304 4.932 6.867 -0.015 0.005 0.011 
13 57 09 720796 3.294 4.922 6.828 -0.014 0.008 0.003 
13 57 09 727314 3.275 4.970 6.838 -0.022 0.009 0.016 
13 57 09 733110 3.275 4.970 6.838 -0.013 0.014 0.021 
13 57 09 739097 3.256 4.970 6.895 -0.016 0.003 0.030 
13 57 09 745583 3.256 4.970 6.895 -0.015 0.013 0.018 
13 57 09 752081 3.304 4.999 6.924 -0.012 -0.002 0.020 
13 57 09 758324 3.285 4.961 6.962 -0.006 -0.002 0.015 
13 57 09 766233 3.247 4.922 6.924 -0.005 0.004 0.023 
13 57 09 772138 3.247 4.922 6.924 -0.003 -0.002 0.008 
13 57 09 778034 3.218 4.932 6.943 -0.003 -0.002 0.008 
13 57 09 784002 3.218 4.932 6.943 0.008 -0.013 0.005 
13 57 09 791761 3.256 4.922 6.924 -0.005 0.013 0.022 
13 57 09 798372 3.275 4.913 6.905 0.003 0.010 0.010 
13 57 09 806618 3.275 4.913 6.905 0.007 0.014 0.019 
13 57 09 812723 3.275 4.913 6.943 0.001 0.005 0.013 
13 57 09 819028 3.275 4.913 6.895 0.001 0.005 0.013 
13 57 09 825636 3.275 4.913 6.895 0.003 0.010 0.015 
13 57 09 831847 3.189 4.922 6.857 0.001 0.002 0.008 
13 57 09 837854 3.189 4.922 6.857 -0.009 0.005 0.013 
13 57 09 843959 3.189 4.894 6.876 0.001 0.010 0.014 
13 57 09 850172 3.199 4.922 6.943 -0.002 0.019 0.019 
13 57 09 856101 3.199 4.922 6.943 -0.009 -0.003 0.023 
13 57 09 862236 3.218 4.932 6.953 -0.017 -0.002 0.014 
13 57 09 868217 3.218 4.932 6.953 -0.024 -0.009 0.020 
13 57 09 874524 3.208 4.951 6.914 -0.023 -0.012 0.015 
13 57 09 881449 3.237 4.951 6.905 -0.022 0.001 0.024 
13 57 09 887580 3.237 4.951 6.905 -0.014 0.006 0.022 
13 57 09 893462 3.266 4.922 6.943 -0.003 0.011 0.019 
13 57 09 899825 3.256 4.951 6.847 0.002 0.021 0.023 
13 57 09 906361 3.256 4.951 6.847 -0.004 0.028 0.026 
13 57 09 912273 3.285 4.932 6.924 0.008 0.043 0.021 
13 57 09 918567 3.285 4.932 6.924 0.007 0.047 0.014 
13 57 09 925063 3.247 4.951 6.934 0.016 0.039 0.018 
13 57 09 931449 3.247 4.951 6.934 0.031 0.045 0.019 
13 57 09 937418 3.247 4.951 6.934 0.031 0.025 0.013 
13 57 09 943948 3.218 4.884 7.001 0.031 0.025 0.013 
13 57 09 950448 3.218 4.884 7.001 0.037 0.001 0.010 
13 57 09 956518 3.218 4.884 7.001 0.043 -0.005 0.012 
13 57 09 963410 3.218 4.884 7.001 0.052 -0.005 0.015 
13 57 09 970108 3.237 4.932 6.924 0.052 -0.005 0.015 
13 57 09 976718 3.151 4.942 6.369 0.054 0.011 0.012 
13 57 09 982680 3.151 4.942 6.369 0.142 0.219 0.018 
13 57 09 988265 3.237 4.990 6.809 0.100 0.188 0.018 
13 57 09 993995 3.237 4.990 6.809 0.039 0.185 0.031 
13 57 09 34 3.266 5.066 6.953 0.004 0.173 0.032 
13 57 10 5681 3.266 5.066 6.953 -0.027 0.153 0.031 
13 57 10 11280 3.247 5.104 7.068 -0.074 0.121 0.037 
13 57 10 16864 3.247 5.104 7.068 -0.099 0.110 0.035 
13 57 10 22423 3.189 4.999 7.106 -0.109 0.104 0.029 
13 57 10 28087 3.189 4.999 7.106 -0.108 0.104 0.029 
13 57 10 33760 3.160 4.894 7.068 -0.099 0.086 0.022 
13 57 10 39655 3.093 4.808 7.096 -0.084 0.080 0.020 
13 57 10 45289 3.093 4.808 7.096 -0.060 0.066 0.021 
13 57 10 52676 3.112 4.741 7.058 -0.029 0.055 0.006 
13 57 10 59604 3.112 4.741 7.058 -0.004 0.019 0.000 
13 57 10 65373 3.189 4.817 7.173 0.012 -0.000 0.000 
13 57 10 70993 3.208 4.884 7.259 0.016 -0.051 0.005 
13 57 10 76649 3.208 4.884 7.259 0.025 -0.075 -0.001 
13 57 10 82361 3.247 4.970 7.336 0.024 -0.115 -0.002 
13 57 10 87887 3.247 4.970 7.336 0.015 -0.148 0.012 
13 57 10 93867 3.247 4.980 7.393 0.002 -0.183 0.012 
